$ANSIBLE_VAULT;1.1;AES256
33383763393436363830343335623733323064333738663730663164656331373131653730616535
3762633562666537346463626438363164663265316631380a333733623666623232653633363234
33383466386634383135663761623731323439353635303934343234666537336563643736616430
3137633165626238660a303533663933323863633931383234396237393032306564343265376135
37346339653836663435323239623638626462346532326265386531366133326639396438663931
64373662353131343937643764626633653863633834353633646463663261373131346331323031
33663539633737646336313934353864616638353334623135656366626365343566316663626464
63393331303964386235636438396666643330366366623737346335393662653939316339636432
30613265373231306338373963373033663130316362653335633635363966636531303030316136
61333538663065626564653366633131333030373561653366663933653832393333353434366264
39393637643563313139303439663562353332313231623334393663383733306533343435633037
34656436373963613336303339323462313339636430653337373336343261356661626638333936
65356632396262656337646337303336643433656134613339376262363238343164343233373935
36643030383033326661333136326435646631353235616534316662353935633964336639353638
65656333383936666161666531356633616162343131343132643638313133333438393539633264
30343831646230646539373838643938323436343936666639396466366232383636313762656666
30346362393562393135326565303433383439656438653865316337636361636435346131616437
33663638316666643365313936353933323936626332323235333839376332656238366636663162
62613933623934396439356634353838376131376162316364383963303935616534613134623930
65653566333431653134366233666166653536313563343636663862343537613236656136643762
38363262393862313132346132323562636238336635643461306436396238353432666630643137
37643762313430383531376636616539323932633662353439323761643330666234643563373130
34313537386333333730393935326564366166646166363766393236616234383734316430663562
32396365383934326534363135366336613337653131646337376532363162383733613062336134
39616565376465306638643234616238633137313736646236613630666631653935303131653931
66666130306538393962613132383832656665313234633030626132656466353832616261366439
38326463363936393337343034303063616466346666313432323339353966373737363966383762
34383233613938313162353763383132316461616435653765366232303365393436663332643065
37316530646235646566356237666464623533313362616365386533313038396363313162386133
39393261373633383464613836363063383766653237363230643361323637663032666234346532
30373563353466383334373965316361356535366635306537383261663266363165366538393537
36656565306361626131356530393731343039313965313963363631313861393362323561393132
39333535393732383333366566633935383638313536313638396138663433393566383533663065
32653430333939383131313966376438376631376564346365336638346530396462653439663431
38393462383232353338333630343332343035366433623837633262666163323262336432353239
34346333613736343066643136313164653963396463303361663335616535663863393339376333
32326233653035323234633333653231343264656137396662353363616335386335306431383635
35363639643837306364306166646461306663663235353135613639316563643861343332656437
30646363616236656339306265623238393835653630316136636531343661626565393761363734
30663362386233643932643961353431393434616138323732383965333637383764383366616633
35393066376232376233326661306362386136346635613664396131313663366536623363396564
37363461656131363831306662353633626432343538633961666239636132663663346339396635
65353030356438666561333230653965316133623265336531396461313464353937353734366263
36383761623465363530646162613734626132393931623266333136653534626363353963343866
34343131633166343864326530303930623637363861306665646362333731366339303263643338
35646336636439393265616630616632383134633037363063363830393331333462393836616235
34653735326663626339643433383539363066316666346262326365383232313132346332333766
31366135383532623464373761633338343064353837633634653566663436656635316339306435
32343332666236636564633235396661316265313230326166666633646630343738313636376330
38626362396638373834343534353235663631653839316665643638613737303835396662666666
37393436306435373963366363633236383838316362626331393863316632633432336635303836
37623732373435303234366162626466336134333339363562346263646534346535323430303637
33353639303264663433303330393163643135303261663061613935666165656531323264323730
32646532633435303237663764636464363930376138396236396137376431616265336661653336
36356631643965303933343261313866346364623438336638616230366334306634613062333665
63396132356133343437366562396666363635366232313130353066346634623237623932636534
33316331353736336466396637303735356333306539623163373661663865666335666531646635
31303132623261643433663430313865323136373937346265303235353330383337666537663264
39366633343863636563323561323834396230366562303765353838313135383039626130313966
36303939316139396638373630626332313863393362626238636630316238613637633835653965
38383636366666326135393934333463343231303835306662643066623864333763396439616466
64643833633637396633653939363033303331613932663934306537626530653835396637343939
62343235663566633638363639626639356530313538646133653066343139396663346633643638
62656534626436326235333063666361613039373564396137633661346130626263356334353536
34393134373738303934626330313362663461373637386561393962373432613939643633623834
32346236646563303339663364343335346337636263326263663163326437653633613063626330
32323766396531353634393633626436633666376465376466663733323134323863663432326564
39663363363535376433643833313466313131323436323032376165653030353135346461393865
34383334323230613061323636383735616434333238386234386166383032383034366336366238
31653531656530653134643336333461343635393563646262626437346534313764393137633934
31333961666662383035373264623235373131613464653038333232343335333962646665306166
31656465303930333866323931356165373130383431616365363733656633396432653031356331
36646635323735653531353831383461663337323730616139356336643638643730353066316561
36323334343864373736663036366631663536613333633538643131393963363137333766393261
65666335346131386466333663666535333662623139666266663963623337313139376537323538
31653265306531356463393265333539376436633238626231333633373163316439373364616663
34613834643231663061633935346433333035636435393338643336383738383264343161323764
39323737343963396261303334346436633965663537306464393163663933343033346339396630
31653630353763313831333964383832653166363763356364343362346262313033636162323531
34666562383435643766636339613964383535646332616136666563616164373933613533376430
61333863303636643636346337356362623263323335616236336437326238626438616138336539
38626630323839643833333335623463623962633436363562396164636365333139393332393034
65383263326262373762613539653832633630666439346330663231313339373365326330376539
66366633313561336233643665336639323230313034393034643434336439633764363933386131
64626261643138613065346435303334306166376636353932303132646538633434363731393534
39393461653564316364636364313463313033396361356635363266636532613165326634343030
66613936333137366235636636353865383238653562396537396133313032373764383238323739
30326266653339346163333935373037653865633539303136663238643364613161373938313935
35346236393934616362376535383865383337613630346435616133333330396331393661663166
38366364346630323361346632613932393566656336613431396263643666346331323934363063
31326566653633373464626536373131393237396233366533666134306539623033373331306166
32646431653330363333323034383136393736646632326337386463313034326430373634643737
36646537303166303064616336303966643036373439343562386564343834323262323664303865
36353536633936656631373334326137343063666239663334323563633138313431623662393736
31303062306530313730383335363635353735393265323361616534336663306336343263333234
62653862363665393931313434396639613036393366373639646161373065646231373462313036
36386539346136326563346264393339613161343662366636336564376531343662666265633361
38393438353130626133343364353732303739333138313739303334363533346539643334373462
63336335653435303033353662383239626439383137313762666533336335346664373830313735
66363232313630306332333233633631323762393539656263653634363133333833623765326638
66346238613630396161356638653139326263646636396538323235333834323635646139313739
63653433316364393839366261336131613037616634333832383366316535336466643964653634
65633537343062663639323636633963663064316265646461376431356363363331656664636566
36303632666165363135373161313538666532356162376164663139336635656161333462336466
36356131643739333963333436333938313738356334613966346333393235323032333131326632
36306463636163623066623736366136366334666564326136633639636364393766353735376331
38313832363061666138393262363237333139623437353537306238663861633336643139383063
66623931373464656130643561323361623034663033373131323334663762386336623339656433
66376236393537363132623331663364366438336437336531383235356461316235373438346237
66363731366430623365343038633938643737623532653763363239666639613435376564343761
62353839396536383863303531613636376230316236396562616431346339646134343865393262
63396533323837346663373837653734373232623766303165643935613131656239663838306232
36633233663033633337383037346439323630653734396234323265643964666332363161633662
39373164616431663866656338643030656131633333666432303138656330326132366436376462
30633737346162623834366333333332323034376131353538663834663262316465613535636561
66363931346162653761663166633065643565363533343139613636336265386334323538323132
64346362616432353139363365376535656662306263623939643266643962666665623831373362
66646564356464386635343962353930306430353535363338333336316262323333303637623434
32376662333433663739636439633538643164623662373433616362633932663331366137336334
63373163336665343861323565326630353832393231386665333865373763356232366432353938
64653332643861306332353262663631646434343261666537326631626262363137376663353033
39353164363035383664613636316134383731623435636562393339333261626136633332623264
35653436663666653662303339316163623732613833366265613961323063313162373966323937
63363234393039383533666363663039393136653235343532346531383933323533623532316134
34633863363831646436373036316263353430383633356362656263323963306239366135613764
39356339363561316136623132313962326164613064666535666139316537383462326264343139
30653835356234666635333933636437626238363234313865353762353335383139343837346264
32326466613737323937386264336635643564656562666439366630396631306630353165303635
63623461626435616566363730303837386436366434663661633862633632373162306431393564
32616132613333376663363936643232326235313533343866383738366566396265336163303532
34353838346562646164393730656137656164393765376131643634616135653633623265383263
65313863623136626338323861303735663038306532643161323938316266313734666161666333
38326633656265656465613730646662653532376130623833396561323661336437396437383863
3337366236643165313239336238373262346261656539383334
