$ANSIBLE_VAULT;1.1;AES256
36306335333037316465333266323931613463643136306536343736386535303433316133363863
6662313632663861613931356230383737663536343763360a316261323761313261396664393565
64343662333631396437616663383530313934393535613738623734626334656430303032323830
3562316136616136380a646164346664636332363962376261333435383939303362363639306137
33353332333937306238373163656434373964323733616631646333363936653464656434636632
32613134313038306265383634666263346662386233393961323932383565303061386464336465
65323736323936313739643465633435646330383234326430363933656238356131616538643463
34656636373637333939363366326432643533363934303330353836353661663066356634346362
31623531393235343738636561323662363638626335393463333132383664323234653733653336
36316135346633373465316139393531303463663835356466333062386239613138333665663063
36383661623833323162313162383030313135323063303665343137643431316539343835623261
66643263346661376462303633663936643861306536336662663738323166623062633561393732
36313864313831663335626536656366623963613565393236636564663532306538373363636134
30363538366130623465396231623331636139663366353934353030353363343534616261646465
66396363343134346635653935396536636666316438343538666162623135323166656438366633
35663763336438323265313366383730383765336261343565343061353635613234666338633362
30666438306235323739666663376464363462643838386136373737376330643563323366633161
31323532343665663033663537393762323832326334313862323138636664353234633337313965
64346230306366386661653065336530373938343563363236623036616436613336636138323763
32373837633534313166323465303664333631306366323731626165646238623138663564303365
39393963313266363961616563396537653234393038353531316161373233363537613234353033
61343838343337343435396333646363336366646334346563623933316165373133336532353334
64663030373566623634343933313037623362343063323762666130613363666132383234633833
66373631313262313935366438373566653863653764386661653938616532313332336538356336
63343863353865393530303364616136613239633136303032353431646365623361393938386637
39316239313233396239353662363834363638633363636334653334626635343537373331396365
39386338313737636134353965643330663434313831643231646263323936656562633538373836
36366462646333656431386531306662643838353634366435313230666666383131613330383664
38653539643738373663313236626231343363363936343566353463653330623464393961653261
62306332613062666333633431643566613161643239653661363837643061613365323238643832
62636565393264363838303365363763613664653636316233396236323764656561353838383438
61393039363831663830653864386361323132656462366133316136363334363662353837313633
37386134386165396632343465306231343862303136616264366464396165313439386536336365
32393363663431653632663364343066323266653833306639303166653731666237373835346265
37343864353131663732616465356462313034663464393139336131356433666132363737353033
31383762616363356361323933656161313334666434623861393339393431316638313263373662
32353562626637633764653962393034633839346562623262616563633933353762396137343133
64643731363839333331323165663435346438666662343036353931373464663432366238383737
34376161346436313565313333353638653532636332323338346537633838353134663365626432
32393536323362646530323430343937636230666630336365336238316664326336303963313233
65356331336539333732646234636339376534613935333061343539646537613435393261643333
38343539333736356563653335626537653935613236623336366161373765353331653361633532
35636236346432383138346539336261343533313661653039653163393763383364333838656466
37653564656262633132356562376265633461316331393832623132303566306434623032653862
31653063653938363863333532633438376364343237613963663164386331353935656639626531
61356535393430393432373331316236366631396537666433633031666135393132663931323164
63646462633163623732326265356363306463396238393464333762623439636530323234613764
61313866343263323565313137636637363632346433646639346437633534313435313832636561
36386566373964353730326463303362376637303966663235643962376565333538613461616239
33663535303034636337666363333332623738643562326339326334613736636435356561306534
30363339393765653861626633363234663436353761656534373535653262363331393463346332
62336564343964633265366331383038666638643866386362653734626566346334623164646265
64306534633961646539646539633064393035353837336432656637373731623136666537626531
65396531363263666335353733323361623730656261333133393139383737643737343530356333
30643162376134363630393136313762623239336532373430653034353761316334663137663536
32386338366438656162333837363066626130643236323232616165343230346133643031373837
32376166653061323066613064656633383430656231643333346133643338633937386561643536
34613936393234376137383166336238383564353133343631333261343264346634346639323133
32343164386264306431623665383864643062663664393538633136626163313163643539626334
39393665363831393161623439346266643432663362333736356536373930323563323465653763
61346266333363653538653864353239623138356462323135326339366561396261646132363134
62336436316639633535623961373934666434643537643438333331623330363763663338306533
35636234356664613839363366383532613661386336303665373361663533306235363262363663
35363737666134616637353439393262646533303436666264383664613731666561623835656364
30626138623637306233363433303361343933333938323839336438666330386564353163663966
30336265336566633138363165366130643333616230346335313930383432383466363264366164
62366131303238386361633537653937633637323033356162666335353731353365323938313838
36323937626664623934326138346636656661633635323961393766316261326632373432326366
38306164353139323236353363636535323037643532626463616665336630303863386332333565
35653865356236336432623837633536653630376530393631306139386330343739366362396566
63643131323634343933316130313536386632373833333734613437653362353237316338396530
34376562326330623366616236383739336131303939393637376339316439376330303665643364
62663935656662333963306637346561613566336431623266393236663737663134336438373365
64646232666562373833396164316163636432303534623638663131663337613637636137636239
38336232383064306366326232353739633835396662393037316538356630313332613439633835
37313062316331313164363334383134623633623437306261333330623030373236326264313638
62313765346438366161323262336132613938643564636433333765333538646565656566323032
36303166643932303635333465383865656464323761356465653934383931303831646434623436
35383365646334343837373930396565613337653461363330643433373366626631636439653634
64316436633334336666623761666331363639653636663735366664396362363330396636393031
32366565376235396632646639396362386362366161343838643336373665366461353732353265
32373163303836373061336261313564666435333566313038333737303964313762383735346165
31363965623364666337646162633135313864626564613261373037346531653634373232326365
64376336636361363938363863386639373039353636376132353864346262393463653564373164
33393363316134336433313361326261316633356566303430383339376635373965633934366538
62393537303137666564336536303464313338633339383632346532616330646465353434373837
37336135616166323661376539353938396530343164376364613864643663633835666437323462
66363138646138386161363064323134626264646236373263643365373136653734323932303533
61333236393034396636303233343033303165336530366234623864653661356231353136353563
32333239306639653562653434666666363431383934373665656630313634383938353862623962
39313830663538653734626534616439613231363162626264613438326330636339653130306435
65323434303366663932333765343838343135666262303138336635653630306362623761326531
63363164646466373931333937366361333030306436303636383162373737653261613962346237
62643864393336646238363837396134383864316165336536616238343632613264356361366538
64663961303662363830363034623231346332323063643133636633656538303964613364393530
65656139356165316336396432343330346632643866646533626637326134306536393763303963
66653636653830326263623734623765306535323066373665313437353132303130393034313564
62393632353833393535383335666332353664326433383439323566666562383137653139623137
36656561326562363237353064636338373464366338613363383564383039333464386233623761
62636266656531396133353638396433653736313263323937306661666338376330363763373761
62326136326235396436656261303961643535303661383566636335373964326239306361316131
34343037646132643837343138346235613737623639303438666565313437333937383633353333
65653835623034316665396664343535336163653863376433313138306432336166323633383038
38663963383561663162636335386566323461653630663837343262626433666136356463653933
31356238383731626363656564373163626235653461663362656130346432313334633465363136
33646537393863373461336663623036313032353334616538336562343431636561316535343935
38323337343061613034616435396239303565633062383731376564373366336363623637376435
36633234383663643363313135333736343530393932373364396638373231646339363433343239
61303739616134653836303735343663363039653337666264633837393734383362393936343633
38373166376539643862343532336665306465386231396437323966326438653966363639343534
33393232626239363330336131353866353533343735376566633035623132363761623864303234
33363132316136653139613731623565336236383731643865316639333165643763333364626133
66353764336566306237313565326561363636333236323236323033626531626230303336306435
37333430383262363861376631333931656230336639393839663331313430626632306133306436
62636436376630306661303565396333303165633664626265633932333330353663356365643139
62336561646163616633313061336662393865326433363430313131373132646461363164343730
63333966643838646637323532396135383130303832666237623939616666336361383133326230
31373438313939353632316465376339303436643562343532366135393465353836333630373637
36383439663538383733636532653265393431313363656236363662333362663262346139643638
65383834363639633931313237373031363431306336323761356563396537366639376338386439
66653030376134613834633936626364336131363439346362626632363036626665333833663061
62643539646365633131306532376365623430626630343832323664386335623236383335353736
65613135383032666331643938383332356363646461383063636465626163323763646336313062
62636130633139633361653164343561663533363965313232333664323539356339343536383230
30666561313266386261323063316236313436393334386236373033363466643536373739346430
34363532613431653663663638643439643331383039396135653331653539303964313131633039
66616164323533313761393132613231316366393564343062623530663736396665303665376332
61323632376436613536333866393566313162303661666565323335663461666537383761353335
65383864393963646531643465393664656533306437633238353063623231353838663230663934
35656132656565643734626239363133313733363138626466636239633831396538366465373266
37313231363666333532343539656431616363613831653237383661663033336265356235323733
30663531623139613539653161333462343161396636303030353730343936316434333437383066
39653834363864333838383632643061363138393163373364393138393237333930303766646464
3564386132393239613734383237626230333765353138383864
