$ANSIBLE_VAULT;1.1;AES256
62313466326436363836343535376638333733623438643436323439306235316537656532613338
3833343531303633386239333062353566336136653866630a626433346339343465306638356365
65333433323961343034386366643566313334393931343134343634646234636162346133376235
3931633361336634620a396164633936656461636434626434623733333130373135626561316666
65616230333539373637656666623336346661333361366234646533303238633866303736663736
38343463306333313563666335393366646365653834333963313834616334333538353834633462
34386534383338383339616664373733666234616631653132383339633063373636643263653733
36623236313363646537623632613834316465343739373138616137366236373833643632343664
30326639323665333364636339373437363733646562363539373464386439343430333933363035
31396561666566663866633065623862373331613530653665663063393238663866613331343335
35623961393364353061613764363237396465656436663330663461336337333330366139383465
36313566396565346439616236363232373539613639613433643333633237636363663266326636
61356330346262613731613539343238346330613463363231306437636430316236383564363164
66373865663538383132313038613062373232633361393736633230616338316532363339336231
37383337333835333930633164376361383361333432626237313832326462346263343737346131
34386364383738393366663765393033656232393834323463306439366466373133303239633963
62323065353633353539303631333839636663383335643165663565366132653637393463643966
37396333303639363464623666653663363132633138643934656264613964663737613164663833
35616364303935613531363637336637653736613366623433383234366565636361333966303031
36653064636534393765396361303634613530616563363838663635623862323538333036326566
37343539383136653332626465623531383939393565383665643233333231636564346234656534
62326430636366326365626665383331646663636536633666343366666130323238626536636332
66646131646666303562666562343166383631643839623761383866346265353531376333313934
33386533343632376537393936636436326565633332633866346164323133633765393161353630
62353737613433393464626162643938383936353331336162386564363033343765633566653939
62376465643435663462656432356666383866376238653835646166323063613334323265656538
65303366613631356239663733663165336266636333616435323936363932373837316632656230
66343462643566363234623034346366303738653638353865366134313331636561323137346437
30623562393261323130356664383765366261313330346661616334646463353632356632393531
36623063363264336230373661306432616438323737623937326535613230326233633336396264
64333365343661383634663436316138336463323836353563626336366561313161316630316330
37663166633536633932313262343634656635346136306666376463353232323262663634363162
37623432393964383833313631643863613832323632333038333334393266336165366132316561
66336438326130373236336339386535306235663466373762666639313838623138303732663964
33663334383834353732373264643631353432633566303538613538363665646462666336646636
34393365356337623732613936633365343936643666616630633534643434326634386463316265
34663062336364656633386136316337326233343866623361343237353333643732386539663233
63623837353263376338383330383138656634323332666533383464626438666363626666663932
31316434643835663139336361333832383961623332356661383063333564313130616162653965
61646135326637316538333436346432656435656332363133323561313663623963646164393166
32643432313561366136343564363935313364323036323564626539663738333661393439643233
64613537303230343838323939653039363064303431373437626239386566626432383932353436
33623832363664353538343734373039636563356266343132663765346166656437346565346463
37363561303030663036336435623161353934306234643536613439613331363738343864323333
32373033303265663537343666633463346265383765306332336237353961646561613234393261
37613336636337333864646533663936306563356464633734353736626132363964343666343363
32626364333663633031343666613533633830643261656565353837326234323764353761616630
38653962353039316434346466353638373261633639643032306237346165313062343032613136
33303832373837623666393362653631313137626662386464656332356466306335643265376462
32656338326434396438303537633561613637396334656338653135373836636534623734633831
37363831613830613666373738393439633335623737346165353164346664303634386463336339
36663231626331316438626131356132333834626134613132316336373266373439663664393238
36623631633534623538663839663962616435646339383734396430313133643032346633393432
61623161303261663762303739633563663834396538646330333065376135326639336361666132
34303936353934393962303037336134306663393231353964626165616563626565383862643334
37626335663561636661653130373234636233306536636131363535373965633864626266386334
33353939393566343431316538303865393764373739363231333435343236373266666638306239
38333533396465623137636264303866376339336337353730343034376663656638356538616132
32323830313332316134333838356336363430393830356664313834386538363732666637376662
32306531613861383032646666393032323839316562343162653038363635373866336634363961
62343435656438393737373935626536646639623862636262326636623033383062353533393739
63376230366232306333643537643663643637323734336237636532396436643730626639663534
30323864636461623038373238353835646264306136666431656439356566356234383366613932
35363763633631656164306232393534326136373333373432326131343162633533343535383665
33633439333936656232306564333931303061376335393133333066636263623964353139623038
31643136656265306235313036393735313262663431613035346562383836643664323766396236
31343339316237383338656130653233616337393233336564306563613065353062303335316361
65623932366531386134376236623065323830613462633335366334633435303931616138373136
32346235333161653565313666636361303931303436616535343139336536616535366437303536
63323535656234376433353461313238333238323130643239613762346639363364383938623834
32643732363139333734383631636665326534373033313166653939393337346638643737396364
30646362383434623833666263623232613338366638663362383238323966653537313135333035
64353566316430366630393238633639663763373838373236636166303538393935313038343839
65393133636239636461323839366337613437646265666163336534613939346439643339353662
31356162376431646634366530393866623434393563646462626261383136343063353865313731
65663031373830643034396165663739396439363934623130633536636337356364386666653139
61323232623236383364653265613837383363323762643232623739643537646236383364356234
37653162663139616539613038326134663531623434613730643031363231613563343335653766
33346664623632343132363261323639633934353133353762633964306237316532366261386239
34316161303739343236613636623366343763646238633931343538623763323431623361326636
35623731386663663662396533616561373839393334303039353137343334666662393936393430
33323365376364653530343836353435656438353730306361303764373131643238333731666563
31393337613434613766346161376466613963636565363534393035386364303463326532386364
62333334323633353564633237636633313637326238636136666466343661646462336333356332
64623136346534663033623466343963303536303163643762343831326535663165373537636431
65363062323734633538623465343064393438666365313633353064336132666431306263633732
64653661646135356666343862346363623333393436653561343663633436393063626463386332
34663462626363303435306639643037613730366462343938653636393665343339333063613764
64396530313934623561323536376135303633306630313464303831396262393430316634383833
30343038616534366162366362633962663639346533376661656462616263636531613132343936
38346161356539373839653534343231366262656538323939373963346436613462353363336365
31633866383264633935333934623035636432613630323732363636303032303130393065626139
34373062643139363664303361646637336662396130303932376361613237656162333766336231
66666535376635313862343139366364343366316530363735656138373062376535373465343131
32353235356337393130636336623236666330303136376330313136653937376139333136366164
65336335633661636630303236313364386135646235663433323066383364363433653737373764
34383864666232363439653666663563666662303734393535356166383963653062666363366531
36663362393562623131363537373864623935626334663865623764653730613734613265373737
31663132636536326664383262323532626562666531396333373534326632633932336132646266
31636262396265663034386437356134633831616464313237666636643030353066336461383132
37363536623830643833633034393832336430333733363163366631363730333561656562663038
63316535336339656137663562343230386363326333313464653834363535613833333862613437
61383365336433326233326332353933373938316130626165363264636263333336313561626637
39643830613730346434373334363035643966653530326536616531383237633330383062373263
34393538653735396538363336326237343565343933653239656163313134636135336166343761
34336334316135363639656534383331366564363365316266336637383635356164336635616531
30346166363835373064313566356662623537323364383065333238623133343664616136313235
38323334653263626265643261336435316630623337306535613833313631353739313538373332
35323436383638343866363132626632323262316561633731383431643330623232643565306232
30323335303161303163636366393834616139623830376232663166393332653264626666636632
33393230623566323237303735633466383831353634333534616166386635653735633762353263
64363762333564663765336532656665333762323463303538663433643565633861343837636439
36623935633062643331363134663131643338643339616363626239316436336161613137653764
32346133383439346437623263333664313962656338353065386561396137336362326330376532
35313864306263626163663631303962316433356231643235656631613665663962306666663036
39303337646339373065363933353261326332316266623461643332643639346465333963313635
33336632326537633465616339323464613038303939653963646535396263613434326366646164
63653861336231353963353639373530626564643533356164393030656365623861356666643737
38373961303765613531323934313361373835353466386162383566626434643534636236653861
31353262616465393435336366633764623763623630663035656164373161623034316632316466
31386538353937313538353434656661623965363762383534663664363736363934313665336532
63336432646164396639333032396430336234653938393437623261333364626465663630346437
34376433356235346132613339366635316535336134386637626235666434303963656336653538
39333065323566393033613761383237643935326336653739313535333539376431396333666338
62323034333933656235326437383731333765666436646365343831356466323836376633646630
34646339353663366437376131626434623530373432396130383163666665353230366132646635
66376262623835323636656662316631653064393666386663656634323230656236393564616162
39636131333166623137333534623136303466646538626563633739613663653931643534666437
31393431666134376462616165613736616565356437383737646365373637633530316664356631
66306664383939316239326233356231353862313232326230333764356537303130323261643231
38313161653830633962623463323139386334643434346335643637396661666666323763303134
33373030653039626566663264363262306564666135323534633730643862616438386136663363
37383138643337306262383832376262393732633566376463386332386637316230303331626261
6338626530653064663065303133333235613333333565383262
