$ANSIBLE_VAULT;1.1;AES256
30633565306162313739313034363231346164633935313463393063643031353437383531663866
3038623962343865633934373461343638623534393932390a666332343138313631336665613831
66613637636431336435336265306236373739666261393937336166373965313739313766306430
6163363764656165310a393962316666356466313163396562373761396632393065383634626237
66313862373533653165326231316532313765353964336432393764653362386135326362306562
32626464393032363734626532303832613939636364653538356230623931393638336332323335
34623336376433386265306666396631636536653361353732613530623661363532343164393233
36373663376261323739383362663065626630303262613038643566366463623261393234616234
62373630333733393137356331393435363730363964346166323861303939383665396136363233
38353463383931373333343138633133616361316631613262333233336237353437323336386363
38633864306532313538303166663734656235386165656637323165373236636165376332646666
32323361646239643166653437663133613061323362306164623832373934373263616338356466
36306236303734336666383434626137633565353361626663613562353037363134626130663562
30376364306239663339343334336561646532616535663364313466396562323635323962633261
35646536386638393033646634306231306262366433623861326133323031376161306265623139
65376261633538383437366336616263396636363964643438393465313637373536303530306461
34333031316161326534353864393035336164613632363036383765396165623264626637323431
66353438663536306365623865626237373165363839316462633535346362623634396238613134
38626131653365396536656563343733363939326562366466353335343639636135646263303335
61623732366363313230613864643932646639613264343864313764353530663364613132323834
38316432316133303939666662336433346139383735623737303033373164376635343731333634
34623536653462333766626336643238663365376161623933336337656266623232356163636235
32326339626239663138373835623634316235323330313532323935326661396630376232316364
66306236643534346634363734303638303134343333646332316132313861613730623833303962
30643831636238616632353561396638636439313237653065366536393866666439393539306165
64366139623839646539616636353738393238613235663666616562383966343734666439323433
62383138386565383861633164663133653137663364363835343462396262386137656163356532
39393566353836613863313065373539393363626136656264333237366337303935633864313330
38666631336264323366626163653134303838363335646365623537373631343032623637373334
37366339323565643439613536393838303562363930346535636538393733363562303262616364
63643832633836333431323338633635643336633131346236336633336130396362353263356637
64666666343564633737623162613833313535346365306433346261636537346161663236616338
36346461356230633734306163346139343234323861646165336233623436643661383836613439
38633562386536376365393338376662373363663530656632633432313565633530363162383134
64353830383434363133656334303866393364666432363365633263396238373565393164376664
32393935306364646635363034383433383234636566643665343365323762326566363032663162
30333430353263646430333736633432656338353866613962643863613831373766313662313834
63363230653737343730383034376463636632663535393038383735613332343335373366316162
32656338333666666265373236626664386537366134316331613863353963383930313062336362
32636638623230613266646234616365626330346634636166383564353032393865323634656338
34363234336562313136323336393639626265646232393433323734383263616538653437353962
61633765643030336430363434343830323537666537316332333436383339386266333430323163
66393861353564303564623034333136336161613135333039613837306139373137623466666531
39396630383764373062356330653164343439616365616236616231646534616565336432383539
32333639363834333334626233303332363966623265313037643934303831333532393364333930
33303938323431303738316337666431313230656430326563316532366335306262333438313131
64373335383439366165356265316237353964316238396137366366313035356430653666623565
66643838346537346536386662393663303930363461353732663735353535326639346362343336
39376333333535666130393634363266303237383331663235643763616539623834383734313064
32313761373130643738356630353239376164343536336635386432366361613962306336383638
38633733633231636435623934653134363735393939306363623630346366346138373164346537
32613865663439316465333435366438613064346432306135313431623738653234666639653266
63623463356238666131616431663939643239346166373733373566326139326539633833313531
39663436366338336232643766343735353131386161386165636661386364376433303964616134
34626536373765346161633639333535313636306236643530383263613038336136366134636132
66336166316565353934656231613665373763323737396530636530323030343939323231653562
35656565663262633336643734323665356430656465323062363731363137323932313164306233
62656364373035626437373031346134636330616439386139653536306264626231363761633564
35633963333766313261633435393238613838356136306663666564326637636232336464323864
64626635343230386636393335663734646135373036363665653139316561653639613361363437
32396539616365363430623830386539393865623333616536323531623561613239356130393438
35303439623566656662643565363466623233623934346366353638333932643765346433333131
63313836343630653235643036613566313037633763646366343333386639316536666632393838
30666362653365343036323636663530383132333835343132336434373239623539383338633431
65616265623337633430346563313065653032643962366236353766646132336231333333323365
39373161333732313063313864336261393561623464393933623965666164663661356535636262
36336235623030313235376634623934393065356534383735666263323936313838633263363666
31383530346265373733643338613963363639346665386138656532333962633432626534326531
33613231373461643662303161353436363832323539336335616532643165346366633262626633
30383531633264303836643039623935356333333266383762636266353530366661653936623364
62363163346336303434323366386261643637306137363338373335616232356434353064363233
34393661623063623837323336653765633232306134396365303037306437363363643832363236
62326430303562323932336331383962303737383832626461393363646230653663646361636163
34623331643833613064343637636461313739633431306561363966393466306534393964323531
35393039303235383039373263303663323930616539636334633833646233303834353364353332
61383530623437323730303930353165353134333637613438303462313130336433316437353432
62616166373437633266353463343163386638633435646463663035353761386137666338386263
38343137633561303362383465303737363539343563383861376237653832353038376631353265
66373138616165653137336134316435646663653530393932383061333434613064616366323338
34363961343532393039343264613531343865386535623430626261343566326261633633353131
64323634666165353364303038656532356633653565326238323763646435356363306565643130
35323537323138653262626235643532336562373031376631653839383231666161613539393234
62336637643762333633306164643365323634363936313032353539323564666330653363313564
64396437376137363238303861323662376563353938353533646165373739363862666166643561
31373766303635323139633631366334383937663535623839336432633138386135303063383961
63343137313963653363613965303963306330336534643630663339643738666666646563636163
32313330663732313561643239326136653537396631303261633230633437386534633438663433
32386465336361333737343237623139363432616133666539306562326361396630353335366633
63393463353130663035656266303137393733623165376339633038616266656337393065303938
37633331663233363739643537656663663966663561316132323237313432353930633938313864
61613737333432323036643435373735396533333731313435356265396231313431643464316163
32343430353432393736323039626337616432386233313739383564336635636466376636663763
64383265383833313831313837343261363934616431623837636437333932643536636134333332
62373730326230373030363534383237346439386231323039363062633232383233326363656162
31626131613237396433363437653538346264333836633139356230393035393264616238346566
33633330336432383133306463363165353765623235346362623864653337333030363836303365
36653234393035623732633536666637386637323664333063653939663931323565623061633866
36333063346338623038633933666432386666323466636637353765346164323334666266373366
32653665613161373763633531373163653832373231666133373035636331376136386465383831
61316136363366333639386338303766663261303066623837633231623637663531386431326237
62383965616265633830303330643034653336643862373662613865643832393564663230653634
64386536643730356166643064636537353930313765613437616433643537366332366535663330
33346562653532323933326535396230373033643434663139376464653761623366356565353164
33656662633430613735613161613833663238653435383135333533316636623637393764306237
37633331656565393162653732656232383637336538356538386433633062656534346630393164
62633361333236666432663937336563353932343337316363363339343234663766343535346535
33306135613533363866343230636666333633353162393764336430636438336233303461303636
32323661393763373831643361346262343632363966616234353136653036613361653565626565
30396637333137626264663766373332316437313230623938646434306133323735616337396463
64633933363734636235376365656565323134656565303839336639373164633039323364346533
61663566666437316134613134303566643766393132356263343263336261666163383764366165
64373163366239336131363134366137323435643339373237663435363332616532666333633630
33636230313039323731306637383961306431306634396638313962613565336438323838353163
66313833626539306564626265646431396462613437363563393933326566666561383939346338
64636163303836643835303462313433623932363066333761366436623465323266396565313333
62333939626434353536663838353938363838383431643866666266626536346333326262373163
38383236626332636162353332313966313139636435356435366261353431656165633666633032
66366130363663326633326363633163613334356164623766366637626132333966393163393262
35653739303431333638393064363664643130653639643834396634393063613135356538356331
39353039656362363432336631353730663832353831643762643762333731613334306238313265
61306639626563373535646466356435353666653339616362663230666233326437633162343730
38643965646137383563323262646339343861643031363335383735353062663561653164663663
32373564653931383235616639653635663432626364313231333238623663663761383636643962
65316262643233343763306232326534656334623630326634373262643036346439616562386431
63396261343731613730346661326365306665386339383537623063343638613663356131643138
35356639643634623839333031396239633262303564393733613035323761336239623663653762
37663962326362376539623030626438643236663139346134616430636539393162663662326233
32353961383664333337333834623337653738653539363764323634386265616536333635316134
63633361383462326233643866386438393065303036626436373230343239646164643831323732
66303036636633656166623462316238393639633533613431363131313939343335383864663661
31663966323862383466356464323164303633376436376236383663383632356464636463373061
63613262356632383466633866396636363834393033643237333266633232653933343866656563
34663735666532663166613738343230336635396237373865626466326138396335306462393134
3363633030646463313863663266356334366530373261616662
